0.0 3.93058479007833 4.365313476402906 3.3679040518432855 4.146530943801934 3.427482551560109 3.896989483198631 3.416157819539619 3.831491871833732 4.7617719688830205
3.93058479007833 0.0 3.7294180805264237 3.6027191698417824 4.431503755480775 3.9305430681050235 3.9751906722008505 4.863289770438454 3.84938268207202 3.524277974691417
4.365313476402906 3.7294180805264237 0.0 3.4758499006863954 3.387678419352552 3.719776052706963 3.407663129951734 3.9809030049727667 3.583944194717475 3.894526658602865
3.3679040518432855 3.6027191698417824 3.4758499006863954 0.0 3.975306435309694 3.5212711055164547 3.420528913365187 3.8457087738402005 4.0930296337951555 4.162730401208991
4.146530943801934 4.431503755480775 3.387678419352552 3.975306435309694 0.0 3.917941392180241 3.9583653300107664 3.702312676495171 3.2794927657314923 3.264866781100631
3.427482551560109 3.9305430681050235 3.719776052706963 3.5212711055164547 3.917941392180241 0.0 4.1689702412212775 4.539215677115668 3.2278177850051635 4.509115694923647
3.896989483198631 3.9751906722008505 3.407663129951734 3.420528913365187 3.9583653300107664 4.1689702412212775 0.0 3.957671090107539 4.3536081011111145 3.241227269747433
3.416157819539619 4.863289770438454 3.9809030049727667 3.8457087738402005 3.702312676495171 4.539215677115667 3.957671090107539 0.0 4.552713057827733 3.8279213959537888
3.831491871833732 3.84938268207202 3.583944194717475 4.0930296337951555 3.2794927657314923 3.2278177850051635 4.3536081011111145 4.552713057827733 0.0 4.1168656297250195
4.7617719688830205 3.524277974691417 3.894526658602865 4.162730401208991 3.264866781100631 4.509115694923647 3.241227269747433 3.8279213959537888 4.1168656297250195 0.0
